[2, 0]
[2, 0]
[2, 0]
[26, 0]
[25, 2]
[24, 0]
[23, 0]
[19, 3]
[14, 3]
[9, 3]
[10, 1]
[11, 3]
[1, 1]
[11, 0]
[10, 2]
[9, 0]
[12, 0]
[12, 0]
[9, 1]
[14, 2]
[19, 2]
[23, 2]
[24, 1]
[25, 1]
[26, 3]
[2, 1]
[2, 1]
[26, 0]
[25, 2]
[24, 0]
[23, 0]
[19, 3]
[18, 0]
[13, 3]
[12, 3]
[9, 1]
[14, 2]
[19, 2]
[23, 2]
[24, 1]
[31, 2]
[32, 2]
[32, 2]
[31, 3]
[24, 3]
[23, 0]
[19, 3]
[14, 3]
[9, 3]
[10, 1]
[11, 3]
[11, 3]
[10, 2]
[9, 0]
[12, 0]
[9, 1]
[14, 2]
[19, 2]
[23, 2]
[24, 1]
[25, 1]
[26, 3]
[2, 1]
[2, 1]
[26, 0]
[25, 2]
[24, 0]
[23, 0]
[19, 3]
[2, 0]
[2, 0]
[26, 0]
[25, 2]
[24, 0]
[23, 0]
[19, 3]
[19, 3]
[14, 3]
[9, 3]
[10, 1]
[11, 3]
[1, 1]
[11, 0]
[10, 2]
[9, 0]
[12, 0]
[12, 0]
[9, 1]
[10, 1]
[11, 3]
[1, 1]
[11, 0]
[10, 2]
[9, 0]
[12, 0]
[2, 0]
[2, 0]
[26, 0]
[25, 2]
[24, 0]
[23, 0]
[19, 3]
[14, 3]
[9, 3]
[9, 3]
[10, 1]
[11, 3]
[1, 1]
[11, 0]
[10, 2]
[9, 0]
[12, 0]
[12, 0]
[7, 3]
[6, 3]
[6, 3]
[7, 2]
[12, 2]
[9, 1]
[10, 1]
[10, 1]
[11, 3]
[1, 1]
[11, 0]
[10, 2]
[9, 0]
[12, 0]
